0,1,1,1,0,0,0,1,1,1,1,3,3,1,1,1,0,1,1,1,0,1,3,1,0,2,9,48,50,0,0,0,6,6,15,19,154,154,34,34,46,0,51,51,111,0,85,174,118,0,80,++C
0,0,0,0,0,0,0,0,0,0,0,0,0,0,0,0,0,0,0,0,0,0,0,0,0,0,0,0,0,0,0,0,0,0,0,0,0,0,0,0,0,0,0,0,0,0,0,0,0,0,0,2022Capuchino_team1
0,1,1,4,0,0,0,1,0,0,0,0,0,0,0,0,0,4,0,0,0,0,0,0,0,0,35,178,20,0,0,0,87,0,0,0,0,0,0,0,0,0,10,0,0,0,0,0,0,0,0,2025zm
0,1,1,4,0,0,0,0,0,0,0,0,0,0,0,0,0,0,0,0,0,0,0,0,0,0,27,151,40,0,0,0,0,0,0,0,0,0,0,0,0,0,0,0,0,0,0,0,0,0,0,2wo 9uys
0,1,3,0,0,0,0,0,0,0,0,0,0,0,0,0,0,0,0,0,0,0,0,0,0,0,13,209,0,0,0,0,0,0,0,0,0,0,0,0,0,0,0,0,0,0,0,0,0,0,0,5Ya23
0,1,1,1,0,0,0,1,0,1,4,0,0,1,1,2,0,0,0,0,0,0,0,0,0,0,20,16,37,0,0,0,87,0,113,10,0,0,150,142,10,0,0,0,0,0,0,0,0,0,0,:0
0,1,1,1,0,0,0,1,0,1,1,2,0,1,1,2,0,4,0,0,0,3,4,0,0,0,20,23,27,0,0,0,85,0,33,55,10,0,122,113,20,0,20,0,0,0,172,20,0,0,0,>:(
0,0,0,0,0,0,0,0,0,0,0,0,0,0,0,0,0,0,0,0,0,0,0,0,0,0,0,0,0,0,0,0,0,0,0,0,0,0,0,0,0,0,0,0,0,0,0,0,0,0,0,AASquare Stars
0,1,1,1,0,0,0,1,1,1,1,4,4,1,1,1,0,1,1,1,0,3,4,3,0,0,6,42,22,0,0,0,33,162,1,1,20,10,141,116,107,0,116,102,53,0,181,30,174,0,0,AC47
0,1,1,1,0,0,0,1,2,1,2,0,0,0,0,0,0,0,0,0,0,0,0,0,0,0,8,24,59,0,0,0,109,20,145,10,0,0,0,0,0,0,0,0,0,0,0,0,0,0,0,AT
0,1,1,1,0,0,0,3,0,0,2,0,0,1,1,2,0,2,0,0,0,0,0,0,4,0,21,13,37,0,0,0,189,0,0,30,0,0,112,96,40,0,10,0,0,0,0,0,0,20,0,Aak-745
0,1,1,1,0,0,0,1,0,3,0,0,0,0,0,0,0,0,0,0,0,0,0,0,0,0,27,45,108,0,0,0,139,0,158,0,0,0,0,0,0,0,0,0,0,0,0,0,0,0,0,Albert
0,1,1,1,0,0,0,1,0,0,0,0,0,0,0,0,0,0,0,0,0,0,0,0,0,0,9,63,110,0,0,0,132,0,0,0,0,0,0,0,0,0,0,0,0,0,0,0,0,0,0,Alex's Team
0,1,1,1,0,0,0,1,0,1,2,0,0,3,4,0,0,2,2,4,0,0,0,0,0,0,12,36,69,0,0,0,86,0,103,10,0,0,169,10,0,0,10,10,20,0,0,0,0,0,0,Algorithm Athletes
0,1,1,1,0,0,0,0,0,0,0,0,0,0,0,0,0,0,0,0,0,0,0,0,0,0,76,109,133,0,0,0,0,0,0,0,0,0,0,0,0,0,0,0,0,0,0,0,0,0,0,Amateur Coders
0,1,1,3,0,0,0,3,0,0,0,0,0,0,0,0,0,0,0,0,0,0,0,0,0,0,80,108,195,0,0,0,180,0,0,0,0,0,0,0,0,0,0,0,0,0,0,0,0,0,0,Ansh
0,1,1,0,0,0,0,0,0,0,0,0,0,0,0,0,0,0,0,0,0,0,0,0,0,0,16,128,0,0,0,0,0,0,0,0,0,0,0,0,0,0,0,0,0,0,0,0,0,0,0,Anything is fine
0,1,1,1,0,0,0,4,0,0,0,0,0,0,0,0,0,0,0,0,0,0,0,0,0,0,55,25,130,0,0,0,20,0,0,0,0,0,0,0,0,0,0,0,0,0,0,0,0,0,0,Araav Nayak
0,1,0,0,0,0,0,0,0,0,0,0,0,0,0,0,0,0,0,0,0,0,0,0,0,0,148,0,0,0,0,0,0,0,0,0,0,0,0,0,0,0,0,0,0,0,0,0,0,0,0,Arjun_Reddy_2006
0,1,1,1,0,0,0,1,0,1,2,2,0,1,1,2,0,2,0,1,4,0,0,0,0,0,18,59,34,0,0,0,52,0,85,10,10,0,86,118,80,0,20,0,155,70,0,0,0,0,0,Atropos
0,1,1,0,0,0,0,1,0,0,0,0,0,0,0,0,0,0,0,0,0,0,0,0,0,0,2,20,0,0,0,0,66,0,0,0,0,0,0,0,0,0,0,0,0,0,0,0,0,0,0,Austin
0,1,1,2,0,0,0,2,0,1,0,0,0,4,0,0,0,0,0,0,0,0,0,0,0,0,66,74,40,0,0,0,10,0,165,0,0,0,10,0,0,0,0,0,0,0,0,0,0,0,0,Auto
0,1,1,1,0,0,0,2,0,1,2,0,0,1,1,2,0,4,4,0,0,0,0,0,0,0,11,81,13,0,0,0,40,0,32,20,0,0,99,90,20,0,60,10,0,0,0,0,0,0,0,BHS Coders
0,1,1,1,0,0,0,1,2,1,1,2,0,4,0,0,0,0,0,3,0,0,0,0,0,0,8,21,35,0,0,0,168,20,67,117,10,0,20,0,0,0,0,0,165,0,0,0,0,0,0,BKWX
0,1,1,1,0,0,0,1,0,1,4,0,0,3,3,4,4,0,0,1,0,0,0,0,0,0,11,64,51,0,0,0,103,0,146,10,0,0,228,170,10,10,0,0,140,0,0,0,0,0,0,BMT Orange
0,1,1,1,0,0,0,1,2,1,1,1,1,1,1,2,0,3,3,1,0,1,0,4,0,0,62,2,9,0,0,0,19,10,31,11,125,86,50,50,40,0,229,170,113,0,89,0,60,0,0,Baby Yoda Math Team
0,0,0,0,0,0,0,0,0,0,0,0,0,0,0,0,0,0,0,0,0,0,0,0,0,0,0,0,0,0,0,0,0,0,0,0,0,0,0,0,0,0,0,0,0,0,0,0,0,0,0,Bare Minimum
0,2,2,0,0,0,0,0,0,0,0,0,0,0,0,0,0,0,0,0,0,0,0,0,0,0,40,10,0,0,0,0,0,0,0,0,0,0,0,0,0,0,0,0,0,0,0,0,0,0,0,Beat Around The Bear
0,1,1,1,0,0,0,4,0,1,2,2,2,2,2,0,0,1,1,3,4,0,0,0,0,0,26,64,177,0,0,0,70,0,40,10,10,10,30,10,0,0,137,138,169,10,0,0,0,0,0,Berkeley Turkeys
0,1,1,1,0,0,0,1,2,1,0,0,0,1,1,2,0,3,3,3,4,0,0,0,0,0,9,109,6,0,0,0,90,20,227,0,0,0,170,121,20,0,190,172,167,20,0,0,0,0,0,Betty Ambassadors
0,1,1,1,0,0,0,1,1,1,1,0,0,1,1,0,0,1,1,1,0,0,0,0,0,0,95,6,16,0,0,0,33,149,34,140,0,0,59,111,0,0,69,69,144,0,0,0,0,0,0,Black & Gold
0,1,1,1,0,0,0,1,1,1,3,1,4,1,1,1,2,1,1,1,2,3,4,4,0,0,3,12,5,0,0,0,19,144,35,192,51,10,62,53,70,30,124,105,109,10,164,10,100,0,0,Boars Typing
0,1,1,1,0,0,0,2,2,1,2,0,0,0,0,0,0,0,0,0,0,0,0,0,0,0,37,61,95,0,0,0,80,10,150,10,0,0,0,0,0,0,0,0,0,0,0,0,0,0,0,BradleyLouieFanClub #m{nlIO0w'
0,1,1,1,0,0,0,1,2,1,1,2,0,1,1,0,0,0,0,0,0,0,0,0,0,0,0,10,21,0,0,0,32,10,69,100,10,0,129,129,0,0,0,0,0,0,0,0,0,0,0,Brenna Ren
0,1,2,4,0,0,0,2,0,4,2,0,0,0,0,0,0,0,0,0,0,0,0,0,0,0,19,60,40,0,0,0,10,0,20,10,0,0,0,0,0,0,0,0,0,0,0,0,0,0,0,C--
0,1,1,1,0,0,0,1,0,1,2,0,0,1,1,2,0,4,4,0,0,0,0,0,0,0,13,52,43,0,0,0,90,0,96,10,0,0,124,125,20,0,40,10,0,0,0,0,0,0,0,C.V.S
0,1,1,1,0,0,0,1,2,1,1,0,0,1,1,1,0,4,0,0,0,0,0,0,0,0,0,67,35,0,0,0,59,10,81,81,0,0,101,101,101,0,70,0,0,0,0,0,0,0,0,C0DET1GER
0,1,2,0,0,0,0,0,0,0,0,0,0,0,0,0,0,0,0,0,0,0,0,0,0,0,18,10,0,0,0,0,0,0,0,0,0,0,0,0,0,0,0,0,0,0,0,0,0,0,0,CCA
0,1,1,1,0,0,0,1,1,1,1,1,1,1,1,1,3,1,1,1,1,1,1,1,3,0,4,7,4,0,0,0,27,103,9,10,10,10,27,27,28,168,18,18,44,44,85,85,128,202,0,CCA Team 1
0,1,1,1,0,0,0,1,4,1,1,0,0,1,1,0,0,1,1,2,0,1,3,4,0,0,13,12,16,0,0,0,176,20,108,111,0,0,36,92,0,0,73,73,10,0,124,180,40,0,0,CCA Team 2
0,1,1,1,0,0,0,1,2,1,2,2,0,1,1,1,0,1,1,1,4,4,0,4,4,0,9,19,67,0,0,0,53,20,103,10,10,0,76,57,68,0,85,75,147,10,80,0,180,10,0,CCA Team 3
0,0,0,0,0,0,0,0,0,0,0,0,0,0,0,0,0,0,0,0,0,0,0,0,0,0,0,0,0,0,0,0,0,0,0,0,0,0,0,0,0,0,0,0,0,0,0,0,0,0,0,Cal
0,1,1,0,0,0,0,0,0,0,0,0,0,0,0,0,0,4,0,0,0,0,0,0,0,0,116,80,0,0,0,0,0,0,0,0,0,0,0,0,0,0,10,0,0,0,0,0,0,0,0,CaliCat
0,1,1,1,0,0,0,1,2,1,1,0,0,4,0,0,0,0,0,2,0,0,0,0,0,0,16,57,74,0,0,0,82,10,176,158,0,0,30,0,0,0,0,0,10,0,0,0,0,0,0,Camel
0,1,4,1,0,0,0,2,0,0,0,0,0,0,0,0,0,0,0,0,0,0,0,0,0,0,13,10,81,0,0,0,20,0,0,0,0,0,0,0,0,0,0,0,0,0,0,0,0,0,0,Carissa
0,1,1,1,0,0,0,1,1,1,1,0,0,3,3,3,0,3,3,1,0,0,0,0,0,0,2,45,56,0,0,0,21,115,83,107,0,0,161,156,166,0,170,161,134,0,0,0,0,0,0,Carmel high school team
0,0,0,0,0,0,0,0,0,0,0,0,0,0,0,0,0,0,0,0,0,0,0,0,0,0,0,0,0,0,0,0,0,0,0,0,0,0,0,0,0,0,0,0,0,0,0,0,0,0,0,Celestial Interface
0,0,0,0,0,0,0,0,0,0,0,0,0,0,0,0,0,0,0,0,0,0,0,0,0,0,0,0,0,0,0,0,0,0,0,0,0,0,0,0,0,0,0,0,0,0,0,0,0,0,0,Chipmunks
0,1,4,1,0,0,0,4,0,0,0,0,0,0,0,0,0,0,0,0,0,0,0,0,0,0,26,100,121,0,0,0,40,0,0,0,0,0,0,0,0,0,0,0,0,0,0,0,0,0,0,Chong Min
0,1,1,1,0,0,0,1,0,1,2,0,0,0,0,0,0,0,0,0,0,0,0,0,0,0,34,55,22,0,0,0,28,0,55,40,0,0,0,0,0,0,0,0,0,0,0,0,0,0,0,Cloudy with a chance of errors
0,0,1,1,0,0,0,0,0,0,0,0,0,0,0,0,0,0,0,0,0,0,0,0,0,0,0,82,92,0,0,0,0,0,0,0,0,0,0,0,0,0,0,0,0,0,0,0,0,0,0,Completely Clueless
0,1,1,1,0,0,0,0,0,0,0,0,0,0,0,0,0,0,0,0,0,0,0,0,0,0,24,50,115,0,0,0,0,0,0,0,0,0,0,0,0,0,0,0,0,0,0,0,0,0,0,CrAzY CS
0,1,1,1,0,0,0,1,1,1,1,0,0,1,1,2,0,3,3,1,0,3,4,0,0,0,4,3,31,0,0,0,46,69,129,129,0,0,119,96,20,0,186,158,118,0,161,20,0,0,0,Creativity Underflow
0,1,1,1,0,0,0,1,1,1,1,4,0,1,1,1,2,1,1,1,0,1,3,1,4,4,2,27,18,0,0,0,19,74,80,118,0,0,135,135,136,20,60,60,129,0,139,161,126,10,140,Crusty Crustaceans
0,1,0,1,0,0,0,3,0,0,0,0,0,0,0,0,0,0,0,0,0,0,0,0,0,0,80,0,59,0,0,0,186,0,0,0,0,0,0,0,0,0,0,0,0,0,0,0,0,0,0,DAOSTEM5
0,1,1,4,0,0,0,4,0,1,0,0,0,0,0,0,0,1,1,3,4,0,0,0,0,0,5,52,60,0,0,0,30,0,78,0,0,0,0,0,0,0,96,88,168,10,0,0,0,0,0,DLOGTIME
0,1,1,1,0,0,0,1,0,1,2,0,0,1,1,2,0,4,4,0,0,0,0,0,0,0,11,14,88,0,0,0,154,0,58,10,0,0,109,123,20,0,30,10,0,0,0,0,0,0,0,Democratic Republic of Congo
0,2,0,0,0,0,0,0,0,0,0,0,0,0,0,0,0,0,0,0,0,0,0,0,0,0,0,0,0,0,0,0,0,0,0,0,0,0,0,0,0,0,0,0,0,0,0,0,0,0,0,Doritos
0,1,1,1,0,0,0,1,0,1,0,0,0,0,0,0,0,0,0,0,0,0,0,0,0,0,4,30,51,0,0,0,77,0,106,0,0,0,0,0,0,0,0,0,0,0,0,0,0,0,0,Dri
0,1,1,0,0,0,0,1,0,1,4,0,0,1,4,0,0,1,1,0,0,0,0,0,0,0,5,16,0,0,0,0,29,0,43,40,0,0,142,40,0,0,106,107,0,0,0,0,0,0,0,Duck
0,1,1,1,0,0,0,1,0,1,1,0,0,1,1,0,0,1,1,1,0,3,4,0,0,0,5,25,30,0,0,0,36,0,48,49,0,0,65,65,0,0,127,107,129,0,162,10,0,0,0,Er Zi
0,1,1,1,0,0,0,4,0,1,2,0,0,0,0,0,0,4,2,0,0,0,0,0,0,0,29,44,44,0,0,0,40,0,160,30,0,0,0,0,0,0,40,10,0,0,0,0,0,0,0,Error Message
0,1,2,2,0,0,0,0,0,0,0,0,0,0,0,0,0,0,0,0,0,0,0,0,0,0,8,10,10,0,0,0,0,0,0,0,0,0,0,0,0,0,0,0,0,0,0,0,0,0,0,Evan
0,1,1,2,0,0,0,1,0,0,0,0,0,4,0,0,0,3,3,0,0,4,0,0,0,0,23,85,20,0,0,0,99,0,0,0,0,0,10,0,0,0,151,154,0,0,0,0,0,0,0,Exceptioners
0,1,1,1,0,0,0,3,4,0,0,0,0,0,0,0,0,0,0,0,0,0,0,0,0,0,142,40,76,0,0,0,166,20,0,0,0,0,0,0,0,0,0,0,0,0,0,0,0,0,0,Exothermic Nexus
0,1,1,1,0,0,0,1,0,1,1,0,0,1,1,1,2,4,0,3,0,0,0,0,0,0,0,42,15,0,0,0,36,0,102,103,0,0,179,130,131,10,60,0,208,0,0,0,0,0,0,Fake Nerds
0,1,1,1,0,0,0,1,0,1,3,0,0,2,0,0,0,4,4,0,0,0,0,0,0,0,129,37,134,0,0,0,82,0,38,198,0,0,30,0,0,0,30,10,0,0,0,0,0,0,0,FireLazer66
0,1,1,1,0,0,0,1,0,0,0,0,0,0,0,0,0,4,0,0,0,0,0,0,0,0,28,104,84,0,0,0,127,0,0,0,0,0,0,0,0,0,20,0,0,0,0,0,0,0,0,Flaming Eiffel
0,0,0,0,0,0,0,0,0,0,0,0,0,0,0,0,0,0,0,0,0,0,0,0,0,0,0,0,0,0,0,0,0,0,0,0,0,0,0,0,0,0,0,0,0,0,0,0,0,0,0,Flora Mei
0,1,1,1,0,0,0,3,0,1,2,0,0,0,0,0,0,3,3,0,0,0,0,0,0,0,18,47,56,0,0,0,202,0,131,30,0,0,0,0,0,0,181,161,0,0,0,0,0,0,0,Free Thinkers
0,1,1,1,0,0,0,1,2,1,1,0,0,1,1,2,0,4,0,1,0,3,0,0,0,0,21,33,41,0,0,0,37,10,47,136,0,0,104,110,20,0,60,0,73,0,187,0,0,0,0,Galaxy Girls
0,1,1,1,0,0,0,1,1,1,1,0,0,1,1,1,0,1,1,1,0,0,0,0,0,0,0,37,16,0,0,0,26,58,55,55,0,0,74,74,144,0,148,149,106,0,0,0,0,0,0,Gators
1,1,1,1,0,0,0,1,1,1,1,1,1,1,1,1,0,1,1,1,1,1,1,1,1,4,1,0,0,0,0,0,8,13,9,8,31,31,23,23,29,0,27,28,36,105,43,69,75,113,160,Geisel Library
0,1,3,3,0,0,0,0,0,0,0,0,0,0,0,0,0,1,1,0,0,0,0,0,0,0,132,152,161,0,0,0,0,0,0,0,0,0,0,0,0,0,104,104,0,0,0,0,0,0,0,Geniusness
0,1,1,1,0,0,0,1,1,1,1,2,0,1,1,1,0,1,1,1,0,0,0,0,0,0,1,15,3,0,0,0,14,14,43,43,10,0,55,56,46,0,165,129,115,0,0,0,0,0,0,Geometry Dash
0,1,1,1,0,0,0,1,2,1,1,0,0,1,1,2,0,1,1,1,2,1,2,0,0,0,0,17,15,0,0,0,100,10,60,50,0,0,23,24,20,0,120,110,137,10,139,10,0,0,0,Glaceon
0,1,1,1,0,0,0,1,2,1,1,0,0,1,1,1,0,1,1,1,1,1,2,0,0,0,0,45,13,0,0,0,20,10,31,30,0,0,51,52,52,0,90,80,96,133,113,10,0,0,0,Good team
0,1,1,2,0,0,0,0,0,4,0,0,0,0,0,0,0,0,0,0,0,0,0,0,0,0,33,57,10,0,0,0,0,0,10,0,0,0,0,0,0,0,0,0,0,0,0,0,0,0,0,Goopy
0,1,1,1,0,0,0,1,2,1,2,2,0,1,1,2,0,3,3,0,0,0,0,0,0,0,12,22,33,0,0,0,56,10,99,20,20,0,145,135,20,0,169,173,0,0,0,0,0,0,0,Grizzlies
0,1,1,1,0,0,0,1,2,1,1,2,0,3,3,3,3,0,0,0,0,0,0,0,0,0,6,23,31,0,0,0,39,30,61,61,20,0,159,159,160,192,0,0,0,0,0,0,0,0,0,HackerCory
0,1,1,1,0,0,0,1,2,1,4,0,0,0,0,0,0,4,0,1,0,1,2,0,0,0,36,58,102,0,0,0,78,10,20,30,0,0,0,0,0,0,20,0,105,0,132,10,0,0,0,Hackstreet Boys
0,0,0,0,0,0,0,0,0,0,0,0,0,0,0,0,0,0,0,0,0,0,0,0,0,0,0,0,0,0,0,0,0,0,0,0,0,0,0,0,0,0,0,0,0,0,0,0,0,0,0,Hawkeye_Hornets
0,1,1,4,0,0,0,2,0,0,0,0,0,0,0,0,0,0,0,0,0,0,0,0,0,0,2,27,20,0,0,0,10,0,0,0,0,0,0,0,0,0,0,0,0,0,0,0,0,0,0,Hello Panda
0,1,1,1,0,0,0,1,1,1,1,1,1,1,1,1,0,1,1,1,0,1,2,1,1,0,2,7,16,0,0,0,2,98,26,108,132,132,45,51,141,0,51,52,18,0,79,10,195,94,0,Here for CP
0,0,0,0,0,0,0,0,0,0,0,0,0,0,0,0,0,0,0,0,0,0,0,0,0,0,0,0,0,0,0,0,0,0,0,0,0,0,0,0,0,0,0,0,0,0,0,0,0,0,0,Hevsel
0,1,1,1,0,0,0,3,0,0,0,0,0,0,0,0,0,0,0,0,0,0,0,0,0,0,46,236,114,0,0,0,174,0,0,0,0,0,0,0,0,0,0,0,0,0,0,0,0,0,0,Hillary
0,0,0,0,0,0,0,0,0,0,0,0,0,0,0,0,0,0,0,0,0,0,0,0,0,0,0,0,0,0,0,0,0,0,0,0,0,0,0,0,0,0,0,0,0,0,0,0,0,0,0,Hydra
0,1,1,0,0,0,0,0,0,0,0,0,0,0,0,0,0,0,0,0,0,0,0,0,0,0,80,103,0,0,0,0,0,0,0,0,0,0,0,0,0,0,0,0,0,0,0,0,0,0,0,I coffeeSnakes
0,1,4,1,0,0,0,1,0,1,2,0,0,3,0,0,0,0,0,0,0,0,0,0,0,0,1,40,77,0,0,0,36,0,49,10,0,0,155,0,0,0,0,0,0,0,0,0,0,0,0,I solo
0,1,1,2,0,0,0,4,0,0,0,0,0,0,0,0,0,0,0,0,0,0,0,0,0,0,85,204,10,0,0,0,30,0,0,0,0,0,0,0,0,0,0,0,0,0,0,0,0,0,0,IDK
0,1,1,1,0,0,0,1,4,1,1,0,0,1,1,1,0,0,0,0,0,0,0,0,4,0,15,36,47,0,0,0,80,50,93,159,0,0,93,93,94,0,0,0,0,0,0,0,0,20,0,ILB
0,0,0,0,0,0,0,0,0,0,0,0,0,0,0,0,0,0,0,0,0,0,0,0,0,0,0,0,0,0,0,0,0,0,0,0,0,0,0,0,0,0,0,0,0,0,0,0,0,0,0,Iced tea
0,1,1,1,0,0,0,1,0,2,2,2,2,1,1,1,2,4,0,1,0,1,4,0,0,0,46,102,2,0,0,0,16,0,20,10,10,10,45,46,46,20,10,0,89,0,152,20,0,0,0,Ineligible for Prizes
0,1,1,1,0,0,0,1,1,1,1,0,0,2,0,0,0,3,3,3,4,0,0,3,0,0,69,125,142,0,0,0,6,31,66,56,0,0,40,0,0,0,173,153,178,10,0,0,259,0,0,It Don't Matter
0,1,1,1,0,0,0,1,0,1,2,0,0,4,0,0,0,4,0,1,2,0,0,0,1,0,28,7,44,0,0,0,73,0,20,30,0,0,50,0,0,0,180,0,74,10,0,0,0,77,0,JAR
0,1,1,1,0,0,0,4,0,4,0,0,0,0,0,0,0,0,0,0,0,0,0,0,0,0,76,87,117,0,0,0,110,0,10,0,0,0,0,0,0,0,0,0,0,0,0,0,0,0,0,JW
0,1,1,1,0,0,0,3,3,1,2,0,0,1,0,0,0,4,0,1,0,3,0,0,0,0,166,62,73,0,0,0,211,198,299,60,0,0,189,0,0,0,100,0,90,0,190,0,0,0,0,Jam
0,1,0,0,0,0,0,4,0,2,0,0,0,0,0,0,0,0,0,0,0,0,0,0,0,0,22,0,0,0,0,0,20,0,20,0,0,0,0,0,0,0,0,0,0,0,0,0,0,0,0,Javalol
0,0,0,0,0,0,0,0,0,0,0,0,0,0,0,0,0,0,0,0,0,0,0,0,0,0,0,0,0,0,0,0,0,0,0,0,0,0,0,0,0,0,0,0,0,0,0,0,0,0,0,Just me
0,1,1,4,0,0,0,1,0,1,2,0,0,1,1,2,0,4,2,1,2,0,0,0,0,0,64,7,20,0,0,0,242,0,52,10,0,0,91,92,20,0,70,30,142,10,0,0,0,0,0,KNR
0,1,1,1,0,0,0,4,0,0,0,0,0,0,0,0,0,0,0,0,0,0,0,0,0,0,68,123,123,0,0,0,10,0,0,0,0,0,0,0,0,0,0,0,0,0,0,0,0,0,0,Kathland
0,0,0,0,0,0,0,0,0,0,0,0,0,0,0,0,0,0,0,0,0,0,0,0,0,0,0,0,0,0,0,0,0,0,0,0,0,0,0,0,0,0,0,0,0,0,0,0,0,0,0,Keats
0,1,2,1,0,0,0,2,0,4,0,0,0,0,0,0,0,0,0,0,0,0,0,0,0,0,59,20,95,0,0,0,30,0,10,0,0,0,0,0,0,0,0,0,0,0,0,0,0,0,0,Kevin+Tiff
0,1,1,1,0,0,0,1,0,1,0,0,0,4,0,0,0,0,0,0,0,0,0,0,0,0,89,87,62,0,0,0,74,0,131,0,0,0,30,0,0,0,0,0,0,0,0,0,0,0,0,LeoTechs
0,0,0,0,0,0,0,0,0,0,0,0,0,0,0,0,0,0,0,0,0,0,0,0,0,0,0,0,0,0,0,0,0,0,0,0,0,0,0,0,0,0,0,0,0,0,0,0,0,0,0,Lewis Hamilton
0,1,1,1,0,0,0,1,0,1,2,0,0,2,0,0,0,0,0,0,0,0,0,0,0,0,16,39,47,0,0,0,83,0,69,10,0,0,40,0,0,0,0,0,0,0,0,0,0,0,0,Libertyville High School
0,1,1,1,0,0,0,1,0,0,0,0,0,0,0,0,0,1,1,0,0,0,0,0,0,0,24,17,22,0,0,0,47,0,0,0,0,0,0,0,0,0,55,55,0,0,0,0,0,0,0,Ling-Yi Wu
0,1,0,0,0,0,0,0,0,0,0,0,0,0,0,0,0,0,0,0,0,0,0,0,0,0,28,0,0,0,0,0,0,0,0,0,0,0,0,0,0,0,0,0,0,0,0,0,0,0,0,MMMM
0,1,1,1,0,0,0,1,1,1,4,2,0,1,1,2,0,3,3,1,0,1,2,0,0,0,19,27,39,0,0,0,39,28,62,30,20,0,64,65,80,0,166,158,87,0,51,10,0,0,0,Maple Trees
0,1,1,1,0,0,0,1,4,1,1,0,0,1,1,0,0,1,0,1,0,0,0,0,0,0,11,30,19,0,0,0,72,60,39,95,0,0,73,100,0,0,117,0,122,0,0,0,0,0,0,Marmite Gimbap
0,1,1,1,0,0,0,1,2,1,1,0,0,0,0,0,0,2,0,0,0,0,0,0,0,0,25,31,39,0,0,0,47,10,101,92,0,0,0,0,0,0,10,0,0,0,0,0,0,0,0,Master
0,1,1,1,0,0,0,1,1,1,1,1,1,1,1,1,0,1,1,1,0,1,2,4,0,0,1,4,9,0,0,0,36,27,39,39,51,52,129,129,126,0,89,79,89,0,131,20,60,0,0,Mikey Groundhogs
0,1,4,0,0,0,0,0,0,0,0,0,0,0,0,0,0,0,0,0,0,0,0,0,0,0,102,70,0,0,0,0,0,0,0,0,0,0,0,0,0,0,0,0,0,0,0,0,0,0,0,MindstreamX
0,1,1,1,0,0,0,1,0,0,0,0,0,0,0,0,0,0,0,0,0,0,0,0,0,0,5,53,41,0,0,0,77,0,0,0,0,0,0,0,0,0,0,0,0,0,0,0,0,0,0,Mission
0,0,0,0,0,0,0,0,0,0,0,0,0,0,0,0,0,0,0,0,0,0,0,0,0,0,0,0,0,0,0,0,0,0,0,0,0,0,0,0,0,0,0,0,0,0,0,0,0,0,0,Mission San Jose High School
0,1,1,1,0,0,0,1,2,1,2,0,0,4,0,0,0,4,0,3,0,1,0,0,0,0,3,6,88,0,0,0,23,80,49,20,0,0,40,0,0,0,30,0,165,0,143,0,0,0,0,Molerats
0,1,1,1,0,0,0,1,1,1,1,4,0,1,1,2,0,1,1,1,0,3,4,1,4,0,6,26,7,0,0,0,23,87,67,47,20,0,38,31,20,0,91,81,79,0,187,30,190,10,0,Monkey Monks
0,1,1,1,0,0,0,1,2,1,2,0,0,1,3,4,4,4,2,3,4,0,0,0,0,0,16,229,40,0,0,0,30,10,155,30,0,0,168,152,10,10,130,10,167,10,0,0,0,0,0,Monkey in the middle
0,1,2,0,0,0,0,0,0,0,0,0,0,0,0,0,0,0,0,0,0,0,0,0,0,0,65,50,0,0,0,0,0,0,0,0,0,0,0,0,0,0,0,0,0,0,0,0,0,0,0,Monkeys with Typewriters
0,1,1,1,0,0,0,1,1,1,1,0,0,1,1,1,2,3,3,1,0,1,2,1,0,0,23,39,26,0,0,0,96,131,146,136,0,0,65,67,143,20,210,171,13,0,76,10,79,0,0,Mr Lu
0,1,3,1,0,0,0,0,0,0,0,0,0,3,3,4,0,0,0,0,0,2,0,0,0,0,32,251,85,0,0,0,0,0,0,0,0,0,155,157,10,0,0,0,0,0,50,0,0,0,0,Mr. Bouwlean
0,1,1,1,0,0,0,1,0,3,0,0,0,2,0,0,0,1,1,0,0,1,2,0,0,0,121,125,158,0,0,0,110,0,162,0,0,0,40,0,0,0,63,53,0,0,115,10,0,0,0,Mushrooms
0,1,2,0,0,0,0,0,0,0,0,0,0,0,0,0,0,0,0,0,0,0,0,0,0,0,8,30,0,0,0,0,0,0,0,0,0,0,0,0,0,0,0,0,0,0,0,0,0,0,0,N/A
0,0,0,0,0,0,0,0,0,0,0,0,0,0,0,0,0,0,0,0,0,0,0,0,0,0,0,0,0,0,0,0,0,0,0,0,0,0,0,0,0,0,0,0,0,0,0,0,0,0,0,NEON
0,0,0,0,0,0,0,0,0,0,0,0,0,0,0,0,0,0,0,0,0,0,0,0,0,0,0,0,0,0,0,0,0,0,0,0,0,0,0,0,0,0,0,0,0,0,0,0,0,0,0,Nerds
0,4,4,0,0,0,0,1,0,0,0,0,0,0,0,0,0,0,0,0,0,0,0,0,0,0,20,110,0,0,0,0,23,0,0,0,0,0,0,0,0,0,0,0,0,0,0,0,0,0,0,New Bee
0,1,1,1,0,0,0,1,4,2,0,0,0,3,3,4,4,3,3,1,0,0,0,0,0,0,13,32,52,0,0,0,45,10,10,0,0,0,202,172,20,10,171,162,102,0,0,0,0,0,0,No I'm not talking
0,1,1,1,0,0,0,1,0,1,2,0,0,1,1,2,0,3,3,3,0,0,0,0,0,0,1,25,64,0,0,0,43,0,60,20,0,0,99,118,20,0,184,165,152,0,0,0,0,0,0,No Names
0,1,1,1,0,0,0,1,1,1,1,1,1,1,1,1,0,1,1,1,0,1,1,4,0,0,0,38,5,0,0,0,12,43,28,28,29,29,34,34,34,0,52,52,73,0,95,121,160,0,0,NoGithub
0,1,1,1,0,0,0,3,2,4,0,0,0,4,0,0,0,4,0,0,0,0,0,4,0,0,12,43,55,0,0,0,190,10,10,0,0,0,20,0,0,0,10,0,0,0,0,0,180,0,0,OCS 1
0,1,1,1,0,0,0,1,1,1,1,1,1,1,1,1,2,1,1,1,1,1,1,1,1,4,1,7,1,0,0,0,10,22,31,32,32,32,52,53,53,20,63,63,50,50,97,90,147,100,40,OlyFans
0,1,1,1,0,0,0,2,2,0,0,0,0,0,0,0,0,0,0,0,0,0,0,0,0,0,2,18,105,0,0,0,20,30,0,0,0,0,0,0,0,0,0,0,0,0,0,0,0,0,0,One Man Team
0,1,1,1,0,0,0,1,0,4,0,0,0,0,0,0,0,4,0,0,0,0,0,0,0,0,37,34,27,0,0,0,58,0,10,0,0,0,0,0,0,0,20,0,0,0,0,0,0,0,0,PSN
0,0,0,0,0,0,0,0,0,0,0,0,0,0,0,0,0,0,0,0,0,0,0,0,0,0,0,0,0,0,0,0,0,0,0,0,0,0,0,0,0,0,0,0,0,0,0,0,0,0,0,Parthy
0,1,3,1,0,0,0,1,1,1,1,1,1,1,1,1,0,1,1,1,0,0,0,4,0,0,6,154,26,0,0,0,37,37,57,57,57,57,89,89,89,0,126,143,142,0,0,0,40,0,0,Permutationforces
0,1,1,1,0,0,0,1,1,1,4,0,0,1,1,2,0,3,0,1,0,1,2,2,0,0,2,11,24,0,0,0,7,37,26,30,0,0,98,105,60,0,169,0,51,0,68,10,60,0,0,Phigros Phanatics <3
0,1,1,1,0,0,0,1,1,1,1,0,0,1,1,3,0,1,1,1,0,3,4,2,2,0,5,1,1,0,0,0,9,36,36,37,0,0,58,58,173,0,16,17,44,0,176,10,220,10,0,Phishing Cats
0,1,2,0,0,0,0,0,0,0,0,0,0,0,0,0,0,0,0,0,0,0,0,0,0,0,141,60,0,0,0,0,0,0,0,0,0,0,0,0,0,0,0,0,0,0,0,0,0,0,0,Ping Pong
0,1,2,2,0,0,0,0,0,1,0,0,0,2,0,0,0,1,1,0,0,0,0,0,0,0,37,20,10,0,0,0,0,0,89,0,0,0,10,0,0,0,141,141,0,0,0,0,0,0,0,Placeholder
0,1,1,1,0,0,0,1,2,1,1,0,0,1,1,1,0,1,1,1,2,1,2,4,0,0,15,27,54,0,0,0,21,20,41,42,0,0,91,95,121,0,77,78,143,10,113,20,80,0,0,Populus-1
0,1,1,1,0,0,0,1,4,2,0,0,0,0,0,0,0,0,0,0,0,0,0,0,0,0,12,264,107,0,0,0,179,10,60,0,0,0,0,0,0,0,0,0,0,0,0,0,0,0,0,Populus-2
0,2,2,2,0,0,0,0,0,0,0,0,0,0,0,0,0,0,0,0,0,0,0,0,0,0,0,10,20,0,0,0,0,0,0,0,0,0,0,0,0,0,0,0,0,0,0,0,0,0,0,Populus-3
0,1,1,1,0,0,0,1,4,1,1,0,0,1,1,1,0,1,1,0,0,0,0,0,0,0,1,23,10,0,0,0,63,20,136,136,0,0,115,115,116,0,146,137,0,0,0,0,0,0,0,Potato Salad
0,1,1,1,0,0,0,1,3,1,1,3,4,1,1,1,0,1,1,1,2,1,2,1,0,0,50,31,1,0,0,0,0,239,18,19,164,10,14,15,15,0,38,38,76,10,57,10,158,0,0,Princeton CPT Alpha
0,1,1,1,0,0,0,1,0,2,0,0,0,1,1,1,0,1,1,0,0,0,0,0,0,0,42,32,77,0,0,0,28,0,60,0,0,0,139,146,147,0,151,133,0,0,0,0,0,0,0,Princeton CPT Beta
0,1,1,1,0,0,0,1,0,3,4,0,0,0,0,0,0,0,0,0,0,0,0,0,0,0,7,99,95,0,0,0,151,0,151,10,0,0,0,0,0,0,0,0,0,0,0,0,0,0,0,Princeton CPT Delta
0,1,1,0,0,0,0,3,4,0,0,0,0,0,0,0,0,0,0,0,0,0,0,0,0,0,36,69,0,0,0,0,183,10,0,0,0,0,0,0,0,0,0,0,0,0,0,0,0,0,0,Princeton CPT Epsilon
0,1,3,1,0,0,0,4,0,1,0,0,0,0,0,0,0,0,0,0,0,0,0,0,0,0,106,184,41,0,0,0,40,0,119,0,0,0,0,0,0,0,0,0,0,0,0,0,0,0,0,Princeton CPT Gamma
0,1,1,1,0,0,0,4,0,0,0,0,0,0,0,0,0,0,0,0,0,0,0,0,0,0,47,116,137,0,0,0,30,0,0,0,0,0,0,0,0,0,0,0,0,0,0,0,0,0,0,Professional Procrastinators
0,1,1,1,0,0,0,2,0,0,0,0,0,0,0,0,0,0,0,0,0,0,0,0,0,0,21,44,68,0,0,0,20,0,0,0,0,0,0,0,0,0,0,0,0,0,0,0,0,0,0,Purple Carrots
0,1,1,1,0,0,0,1,0,1,2,0,0,1,2,0,0,4,0,3,0,0,0,0,0,0,36,5,35,0,0,0,43,0,118,20,0,0,98,10,0,0,50,0,177,0,0,0,0,0,0,Pythava
0,1,1,1,0,0,0,0,0,0,0,0,0,0,0,0,0,0,0,0,0,0,0,0,0,0,91,150,117,0,0,0,0,0,0,0,0,0,0,0,0,0,0,0,0,0,0,0,0,0,0,Python Pirate
0,1,1,1,0,0,0,1,1,1,1,1,1,1,1,1,0,1,1,1,0,1,1,2,0,0,1,10,0,0,0,0,7,7,51,52,80,80,19,20,20,0,70,60,25,0,59,86,20,0,0,RIP Poggers
0,0,0,0,0,0,0,0,0,0,0,0,0,0,0,0,0,0,0,0,0,0,0,0,0,0,0,0,0,0,0,0,0,0,0,0,0,0,0,0,0,0,0,0,0,0,0,0,0,0,0,RLYC233
0,1,1,0,0,0,0,0,0,0,0,0,0,0,0,0,0,0,0,0,0,0,0,0,0,0,69,88,0,0,0,0,0,0,0,0,0,0,0,0,0,0,0,0,0,0,0,0,0,0,0,RSR
0,1,1,1,0,0,0,4,0,0,0,0,0,0,0,0,0,0,0,0,0,0,0,0,0,0,17,46,49,0,0,0,60,0,0,0,0,0,0,0,0,0,0,0,0,0,0,0,0,0,0,Raccoders
0,1,1,1,0,0,0,2,0,3,4,0,0,1,0,0,0,0,0,0,0,0,0,0,0,0,49,51,75,0,0,0,20,0,164,10,0,0,111,0,0,0,0,0,0,0,0,0,0,0,0,Rambunctious Ravagers
0,1,2,1,0,0,0,1,2,0,0,0,0,0,0,0,0,1,1,0,0,2,0,1,0,0,6,30,57,0,0,0,69,20,0,0,0,0,0,0,0,0,143,143,0,0,10,0,76,0,0,RandomHash
0,1,1,1,0,0,0,1,1,1,1,1,1,1,1,1,3,1,1,1,1,1,1,1,1,0,76,30,13,0,0,0,3,9,25,25,26,26,29,30,30,160,72,52,37,47,78,95,30,97,0,Red and Black Benches
0,1,1,1,0,0,0,1,2,1,1,1,1,1,1,3,0,3,3,1,2,0,0,0,0,0,2,1,7,0,0,0,14,100,51,51,65,65,73,74,192,0,195,177,132,10,0,0,0,0,0,RedJojoGitoWiz
0,1,1,1,0,0,0,1,2,3,3,0,0,3,3,4,4,0,0,0,0,0,0,0,0,0,100,99,138,0,0,0,27,10,154,199,0,0,163,163,10,10,0,0,0,0,0,0,0,0,0,Rice Farmers
0,1,1,4,0,0,0,2,0,0,0,0,0,1,1,2,0,0,0,0,0,0,0,0,0,0,94,151,10,0,0,0,80,0,0,0,0,0,133,142,10,0,0,0,0,0,0,0,0,0,0,Robopatties
0,1,1,1,0,0,0,1,2,1,0,0,0,0,0,0,0,2,0,3,0,0,0,0,0,0,42,154,19,0,0,0,31,20,105,0,0,0,0,0,0,0,30,0,175,0,0,0,0,0,0,Rocket
0,1,1,1,0,0,0,1,0,1,1,0,0,1,1,1,0,1,1,1,0,1,3,4,0,0,0,0,6,0,0,0,7,0,45,45,0,0,69,69,69,0,118,108,102,0,145,177,100,0,0,Rusty Rustaceans
0,1,1,1,0,0,0,1,1,1,3,0,0,1,1,1,0,1,1,1,0,1,4,1,0,0,18,19,14,0,0,0,26,156,41,175,0,0,46,47,48,0,97,78,64,0,141,70,99,0,0,SHS
0,1,1,3,0,0,0,2,0,0,0,0,0,0,0,0,0,0,0,0,0,0,0,0,0,0,27,135,201,0,0,0,10,0,0,0,0,0,0,0,0,0,0,0,0,0,0,0,0,0,0,SYR-777
0,1,1,1,0,0,0,1,3,1,1,0,0,1,1,1,0,1,1,1,0,1,4,1,1,0,0,1,6,0,0,0,51,238,12,13,0,0,52,43,43,0,106,97,119,0,139,30,158,116,0,Sala
0,1,1,1,0,0,0,1,1,1,1,1,1,1,1,1,0,1,1,1,0,3,3,4,1,0,1,14,1,0,0,0,13,71,52,42,43,43,24,25,26,0,123,93,50,0,171,171,180,173,0,Scalm
0,1,2,1,0,0,0,1,0,1,0,0,0,1,1,1,2,1,4,4,0,0,0,0,0,0,9,10,35,0,0,0,40,0,50,0,0,0,119,106,87,20,164,20,20,0,0,0,0,0,0,Seborgium
0,1,1,1,0,0,0,1,1,1,1,0,0,3,3,3,0,3,3,1,0,0,0,0,0,0,37,38,38,0,0,0,51,79,96,96,0,0,170,151,151,0,163,163,84,0,0,0,0,0,0,Seggs Faults
0,1,1,1,0,0,0,1,1,1,3,2,0,1,1,2,0,4,0,1,2,0,0,4,1,0,9,18,14,0,0,0,23,87,30,218,10,0,51,42,20,0,20,0,75,20,0,0,20,162,0,Shromp
0,0,0,0,0,0,0,0,0,0,0,0,0,0,0,0,0,0,0,0,0,0,0,0,0,0,0,0,0,0,0,0,0,0,0,0,0,0,0,0,0,0,0,0,0,0,0,0,0,0,0,Soosh
0,1,1,1,0,0,0,1,1,1,1,0,0,1,1,1,0,3,3,1,0,1,4,0,0,0,4,13,12,0,0,0,12,20,38,38,0,0,43,33,142,0,228,178,114,0,159,30,0,0,0,Springlight 1
0,1,1,2,0,0,0,1,0,1,2,0,0,3,4,0,0,4,0,0,0,0,0,1,0,0,24,35,10,0,0,0,73,0,98,10,0,0,150,10,0,0,40,0,0,0,0,0,109,0,0,Springlight2
0,1,1,1,0,0,0,1,0,1,0,0,0,2,0,0,0,3,3,4,0,0,0,0,0,0,75,164,35,0,0,0,41,0,97,0,0,0,20,0,0,0,196,177,20,0,0,0,0,0,0,Springlight3
0,1,1,1,0,0,0,1,0,3,3,0,0,0,0,0,0,0,0,0,0,1,2,2,0,0,15,30,86,0,0,0,98,0,172,173,0,0,0,0,0,0,0,0,0,0,142,30,80,0,0,Springlight4
0,1,1,1,0,0,0,0,0,3,4,0,0,0,0,0,0,2,0,0,0,0,0,0,0,0,1,31,37,0,0,0,0,0,169,20,0,0,0,0,0,0,10,0,0,0,0,0,0,0,0,Springlight5
0,1,1,1,0,0,0,2,0,0,2,0,0,4,4,0,0,4,0,0,0,0,0,0,0,0,12,28,122,0,0,0,50,0,0,30,0,0,140,10,0,0,40,0,0,0,0,0,0,0,0,Springlight6
0,1,1,2,0,0,0,0,0,0,0,0,0,0,0,0,0,0,0,0,0,0,0,0,0,0,23,56,10,0,0,0,0,0,0,0,0,0,0,0,0,0,0,0,0,0,0,0,0,0,0,Springlight7
0,0,0,0,0,0,0,0,0,0,0,0,0,0,0,0,0,0,0,0,0,0,0,0,0,0,0,0,0,0,0,0,0,0,0,0,0,0,0,0,0,0,0,0,0,0,0,0,0,0,0,Springlight8
0,1,1,1,0,0,0,3,4,0,0,0,0,0,0,0,0,0,0,0,0,0,0,0,0,0,16,192,90,0,0,0,163,20,0,0,0,0,0,0,0,0,0,0,0,0,0,0,0,0,0,SuperWin777
0,1,1,1,0,0,0,1,0,3,4,0,0,3,3,4,0,0,0,0,0,0,0,0,0,0,36,26,49,0,0,0,162,0,218,70,0,0,188,170,10,0,0,0,0,0,0,0,0,0,0,TC come back
0,1,1,1,0,0,0,3,4,1,3,0,0,1,1,1,2,0,0,0,0,0,0,0,0,0,18,17,2,0,0,0,171,10,37,248,0,0,127,117,117,10,0,0,0,0,0,0,0,0,0,TLE Lovers
0,1,1,1,0,0,0,1,1,1,2,2,0,1,1,1,0,1,1,1,0,0,0,3,1,0,0,58,1,0,0,0,20,139,20,10,10,0,95,114,105,0,149,89,85,0,0,0,207,45,0,Team
0,1,1,1,0,0,0,1,4,1,2,2,2,1,2,2,0,3,0,0,0,0,0,0,0,0,15,111,31,0,0,0,112,10,138,10,10,10,135,10,20,0,169,0,0,0,0,0,0,0,0,Team Blue
0,1,1,1,0,0,0,1,2,4,0,0,0,1,2,0,2,4,0,0,0,0,0,0,0,0,54,95,95,0,0,0,19,80,10,0,0,0,178,10,0,10,10,0,0,0,0,0,0,0,0,Team Jack
0,1,1,0,0,0,0,0,0,0,0,0,0,0,0,0,0,0,0,0,0,0,0,0,0,0,30,115,0,0,0,0,0,0,0,0,0,0,0,0,0,0,0,0,0,0,0,0,0,0,0,Team L
0,1,1,0,0,0,0,4,0,0,0,0,0,0,0,0,0,2,0,0,0,0,0,0,0,0,50,78,0,0,0,0,40,0,0,0,0,0,0,0,0,0,10,0,0,0,0,0,0,0,0,Team No Carry
0,1,1,1,0,0,0,1,0,1,0,0,0,1,1,1,0,0,0,0,0,0,0,0,0,0,8,89,36,0,0,0,19,0,66,0,0,0,116,117,117,0,0,0,0,0,0,0,0,0,0,Team SC
0,1,1,4,0,0,0,2,0,0,0,0,0,0,0,0,0,0,0,0,0,0,0,0,0,0,15,139,40,0,0,0,20,0,0,0,0,0,0,0,0,0,0,0,0,0,0,0,0,0,0,Team WIT
0,0,0,0,0,0,0,0,0,0,0,0,0,0,0,0,0,0,0,0,0,0,0,0,0,0,0,0,0,0,0,0,0,0,0,0,0,0,0,0,0,0,0,0,0,0,0,0,0,0,0,Team pancakes
0,0,0,0,0,0,0,0,0,0,0,0,0,0,0,0,0,0,0,0,0,0,0,0,0,0,0,0,0,0,0,0,0,0,0,0,0,0,0,0,0,0,0,0,0,0,0,0,0,0,0,Team2022
0,1,1,0,0,0,0,1,0,2,0,0,0,1,1,2,0,1,1,0,0,1,2,0,0,0,8,20,0,0,0,0,81,0,10,0,0,0,67,50,20,0,91,93,0,0,133,10,0,0,0,Technodoggo
0,1,1,1,0,0,0,1,0,1,2,0,0,0,0,0,0,0,0,1,2,1,2,0,0,0,8,24,33,0,0,0,60,0,62,10,0,0,0,0,0,0,0,0,114,10,144,20,0,0,0,ThatRandomGuyOverThere
0,1,1,1,0,0,0,1,1,1,0,0,0,1,1,1,0,1,1,0,0,4,0,0,0,0,17,26,71,0,0,0,32,65,98,0,0,0,63,65,65,0,122,112,0,0,30,0,0,0,0,The A players
0,1,3,1,0,0,0,1,0,1,1,1,1,3,3,3,0,3,3,0,0,0,0,0,0,0,10,175,67,0,0,0,30,0,87,88,90,91,174,165,166,0,177,177,0,0,0,0,0,0,0,The Acers
0,1,1,1,0,0,0,1,4,1,1,2,2,1,1,2,0,3,3,4,0,0,0,0,0,0,5,80,12,0,0,0,18,20,54,145,10,10,58,74,20,0,214,175,10,0,0,0,0,0,0,The Cool Carrots
0,2,2,0,0,0,0,0,0,0,0,0,0,0,0,0,0,0,0,0,0,0,0,0,0,0,60,40,0,0,0,0,0,0,0,0,0,0,0,0,0,0,0,0,0,0,0,0,0,0,0,The Cousins
0,1,1,1,0,0,0,1,0,0,0,0,0,1,1,0,0,0,0,0,0,0,0,0,0,0,8,33,42,0,0,0,62,0,0,0,0,0,122,123,0,0,0,0,0,0,0,0,0,0,0,The Elusive Semicolon
0,1,1,1,0,0,0,4,0,1,2,0,0,1,1,2,0,0,0,0,0,0,0,0,0,0,38,36,31,0,0,0,120,0,139,10,0,0,89,92,20,0,0,0,0,0,0,0,0,0,0,The Gangsters
0,1,1,1,0,0,0,1,2,1,1,2,0,1,1,1,4,1,1,0,0,0,0,0,0,0,17,14,75,0,0,0,99,10,83,83,10,0,138,141,142,30,57,58,0,0,0,0,0,0,0,The Last Enemy (TLE)
0,1,1,1,0,0,0,1,0,1,3,0,0,1,1,2,0,1,1,1,2,1,2,4,1,0,38,21,23,0,0,0,16,0,0,172,0,0,87,57,20,0,115,95,110,10,128,10,120,92,0,The N3rds
0,1,1,1,0,0,0,1,0,1,2,0,0,1,2,0,0,1,4,1,2,0,0,1,0,4,0,5,40,0,0,0,114,0,36,20,0,0,130,10,0,0,141,10,88,10,0,0,100,0,80,The Phoenixes
0,1,1,1,0,0,0,1,1,1,2,0,0,4,0,0,0,0,0,0,0,0,0,0,0,0,15,14,40,0,0,0,27,64,87,10,0,0,40,0,0,0,0,0,0,0,0,0,0,0,0,The Pikachus
0,1,1,1,0,0,0,1,2,1,1,0,0,1,1,1,2,1,1,1,2,1,2,1,1,0,1,4,1,0,0,0,18,10,18,45,0,0,20,21,64,40,76,57,67,10,123,30,134,91,0,The Planetarium <{O}>
0,1,1,1,0,0,0,4,2,0,0,0,0,0,0,0,0,0,0,0,0,0,0,0,0,0,38,100,69,0,0,0,50,10,0,0,0,0,0,0,0,0,0,0,0,0,0,0,0,0,0,The Webb Schools
0,1,1,2,0,0,0,0,0,0,0,0,0,0,0,0,0,0,0,0,0,0,0,0,0,0,131,207,30,0,0,0,0,0,0,0,0,0,0,0,0,0,0,0,0,0,0,0,0,0,0,Traba
0,1,1,1,0,0,0,1,1,1,1,3,0,1,1,1,0,1,1,1,0,1,1,4,1,0,0,78,1,0,0,0,90,83,65,91,289,0,37,38,40,0,31,72,85,0,95,107,280,139,0,Triepod
0,1,1,1,0,0,0,1,2,1,2,0,0,3,3,4,0,2,0,0,0,0,0,0,0,0,6,1,145,0,0,0,66,10,40,20,0,0,165,157,20,0,20,0,0,0,0,0,0,0,0,Triple A
0,1,1,1,0,0,0,2,0,3,4,0,0,1,1,1,2,3,3,0,0,0,0,0,0,0,15,6,71,0,0,0,20,0,158,20,0,0,101,130,132,10,188,169,0,0,0,0,0,0,0,Trouble-shoe-t
0,1,1,2,0,0,0,1,2,1,2,0,0,0,0,0,0,0,0,0,0,0,0,0,0,0,35,10,10,0,0,0,52,20,90,160,0,0,0,0,0,0,0,0,0,0,0,0,0,0,0,Typewriter Monkeys
0,0,2,2,0,0,0,1,2,0,0,0,0,0,0,0,0,0,0,1,2,0,0,0,0,0,0,10,10,0,0,0,120,10,0,0,0,0,0,0,0,0,0,0,86,10,0,0,0,0,0,Vegemite Sushi
0,1,1,1,0,0,0,1,3,1,1,0,0,1,1,1,0,1,1,3,0,0,0,0,0,0,0,55,10,0,0,0,15,167,52,53,0,0,105,107,108,0,133,114,153,0,0,0,0,0,0,Victorious Vikings
0,1,1,1,0,0,0,1,3,1,1,0,0,0,0,0,0,0,0,0,0,0,0,0,0,0,12,38,41,0,0,0,85,169,117,117,0,0,0,0,0,0,0,0,0,0,0,0,0,0,0,Vincent's Team
0,1,1,1,0,0,0,1,4,1,1,0,0,3,3,3,0,0,0,0,0,0,0,0,0,0,10,19,18,0,0,0,39,100,73,73,0,0,180,171,177,0,0,0,0,0,0,0,0,0,0,Watt Wurray
0,1,1,1,0,0,0,1,0,1,2,0,0,0,0,0,0,2,0,0,0,0,0,0,0,0,27,18,23,0,0,0,77,0,168,10,0,0,0,0,0,0,10,0,0,0,0,0,0,0,0,We Need A Second Opinion
0,1,1,1,0,0,0,1,1,1,1,1,1,1,1,1,4,1,1,1,3,1,1,2,3,0,0,22,0,0,0,0,4,11,14,14,75,56,38,34,35,40,75,110,8,185,84,94,280,160,0,We Wendys
0,1,1,0,0,0,0,0,0,1,2,0,0,0,0,0,0,0,0,0,0,0,0,0,0,0,0,122,0,0,0,0,0,0,77,10,0,0,0,0,0,0,0,0,0,0,0,0,0,0,0,Wet Socks
0,0,0,0,0,0,0,0,0,0,0,0,0,0,0,0,0,0,0,0,0,0,0,0,0,0,0,0,0,0,0,0,0,0,0,0,0,0,0,0,0,0,0,0,0,0,0,0,0,0,0,Winners
0,1,1,1,0,0,0,1,4,1,1,0,0,1,1,1,0,1,1,1,0,0,0,4,0,0,3,42,13,0,0,0,34,10,78,68,0,0,113,114,115,0,100,100,139,0,0,0,360,0,0,X Camp Team Lydia
0,1,1,1,0,0,0,1,2,1,1,0,0,1,1,0,0,1,1,4,0,0,0,0,0,0,9,36,12,0,0,0,15,10,51,71,0,0,33,148,0,0,55,75,30,0,0,0,0,0,0,X-Camp - Athena
0,1,1,1,0,0,0,1,2,1,2,2,2,0,0,0,0,0,0,0,0,0,0,0,0,0,20,158,91,0,0,0,98,30,133,10,10,10,0,0,0,0,0,0,0,0,0,0,0,0,0,X-Camp Team CSSS
0,1,1,1,0,0,0,1,0,2,0,0,0,3,3,4,0,0,0,0,0,0,0,0,0,0,72,85,88,0,0,0,93,0,10,0,0,0,151,152,10,0,0,0,0,0,0,0,0,0,0,XCamp302
0,1,1,1,0,0,0,2,0,4,4,0,0,4,4,0,0,4,0,4,0,4,4,0,0,0,33,226,84,0,0,0,30,0,10,10,0,0,10,20,0,0,10,0,10,0,10,20,0,0,0,Yasuo
0,1,1,1,0,0,0,4,0,0,0,0,0,1,1,2,2,3,3,0,0,0,0,0,0,0,32,37,46,0,0,0,60,0,0,0,0,0,110,111,40,10,170,160,0,0,0,0,0,0,0,Yiran Hu
0,1,1,0,0,0,0,0,0,0,0,0,0,0,0,0,0,0,0,0,0,0,0,0,0,0,33,42,0,0,0,0,0,0,0,0,0,0,0,0,0,0,0,0,0,0,0,0,0,0,0,Zoe
0,1,1,1,0,0,0,1,0,0,0,0,0,0,0,0,0,0,0,0,0,0,0,0,0,0,7,43,38,0,0,0,133,0,0,0,0,0,0,0,0,0,0,0,0,0,0,0,0,0,0,a team
0,0,0,0,0,0,0,0,0,0,0,0,0,0,0,0,0,0,0,0,0,0,0,0,0,0,0,0,0,0,0,0,0,0,0,0,0,0,0,0,0,0,0,0,0,0,0,0,0,0,0,accept me into ucb
0,0,0,0,0,0,0,0,0,0,0,0,0,0,0,0,0,0,0,0,0,0,0,0,0,0,0,0,0,0,0,0,0,0,0,0,0,0,0,0,0,0,0,0,0,0,0,0,0,0,0,amanda
0,1,1,1,0,0,0,1,1,1,3,0,0,1,1,1,0,1,1,1,0,3,4,0,0,0,12,9,17,0,0,0,42,112,41,158,0,0,53,53,131,0,99,100,83,0,173,20,0,0,0,amogus
0,1,2,0,0,0,0,0,0,0,0,0,0,0,0,0,0,0,0,0,0,0,0,0,0,0,45,20,0,0,0,0,0,0,0,0,0,0,0,0,0,0,0,0,0,0,0,0,0,0,0,apesontop
0,1,1,1,0,0,0,1,1,1,1,3,3,1,1,1,0,1,1,1,0,1,1,1,3,0,0,66,1,0,0,0,9,64,17,100,177,177,21,22,30,0,91,81,38,0,72,183,167,157,0,bald lolz
0,1,1,1,0,0,0,1,0,3,4,0,0,3,0,0,0,0,0,0,0,0,0,0,0,0,36,41,46,0,0,0,88,0,152,10,0,0,206,0,0,0,0,0,0,0,0,0,0,0,0,champu
0,1,4,1,0,0,0,2,0,0,0,0,0,0,0,0,0,0,0,0,0,0,0,0,0,0,39,110,93,0,0,0,10,0,0,0,0,0,0,0,0,0,0,0,0,0,0,0,0,0,0,colourhero
0,1,1,3,0,0,0,1,2,1,2,0,0,0,0,0,0,0,0,0,0,0,0,0,0,0,26,107,171,0,0,0,30,20,153,10,0,0,0,0,0,0,0,0,0,0,0,0,0,0,0,deagle demons
0,0,0,0,0,0,0,0,0,0,0,0,0,0,0,0,0,0,0,0,0,0,0,0,0,0,0,0,0,0,0,0,0,0,0,0,0,0,0,0,0,0,0,0,0,0,0,0,0,0,0,dhakka_mukki_nahi
0,0,0,0,0,0,0,0,0,0,0,0,0,0,0,0,0,0,0,0,0,0,0,0,0,0,0,0,0,0,0,0,0,0,0,0,0,0,0,0,0,0,0,0,0,0,0,0,0,0,0,dragonlands
0,1,1,1,0,0,0,1,0,1,1,1,2,1,1,1,2,1,1,1,0,1,2,0,0,0,1,37,1,0,0,0,37,0,71,61,86,40,32,33,33,20,122,83,46,0,123,60,0,0,0,e building dumpster fire
0,1,1,1,0,0,0,1,0,3,0,0,0,0,0,0,0,0,0,0,0,0,0,0,0,0,0,131,126,0,0,0,143,0,168,0,0,0,0,0,0,0,0,0,0,0,0,0,0,0,0,eevee
0,1,1,1,0,0,0,0,0,0,0,0,0,0,0,0,0,4,0,0,0,0,0,0,0,0,283,142,169,0,0,0,0,0,0,0,0,0,0,0,0,0,50,0,0,0,0,0,0,0,0,ehvw whdp
0,1,0,0,0,0,0,0,0,0,0,0,0,1,1,1,2,0,0,0,0,0,0,0,0,0,66,0,0,0,0,0,0,0,0,0,0,0,109,109,122,20,0,0,0,0,0,0,0,0,0,fivebitstotheright
0,1,0,0,0,0,0,0,0,0,0,0,0,0,0,0,0,0,0,0,0,0,0,0,0,0,37,0,0,0,0,0,0,0,0,0,0,0,0,0,0,0,0,0,0,0,0,0,0,0,0,gaozl
0,1,1,1,0,0,0,1,4,1,1,1,0,1,1,2,0,4,0,1,4,0,0,0,0,0,0,26,9,0,0,0,17,70,46,42,70,0,194,115,20,0,30,0,149,10,0,0,0,0,0,gardner2022
0,0,0,0,0,0,0,0,0,0,0,0,0,0,0,0,0,0,0,0,0,0,0,0,0,0,0,0,0,0,0,0,0,0,0,0,0,0,0,0,0,0,0,0,0,0,0,0,0,0,0,geometry meow
0,0,0,0,0,0,0,0,0,0,0,0,0,0,0,0,0,0,0,0,0,0,0,0,0,0,0,0,0,0,0,0,0,0,0,0,0,0,0,0,0,0,0,0,0,0,0,0,0,0,0,goncharov (1973)
0,1,1,1,0,0,0,1,2,0,0,0,0,0,0,0,0,0,0,0,0,0,0,0,0,0,83,69,112,0,0,0,96,10,0,0,0,0,0,0,0,0,0,0,0,0,0,0,0,0,0,help im trapped in a computer chip factory
0,1,1,1,0,0,0,3,4,1,2,0,0,1,1,0,0,1,1,0,0,3,4,0,0,0,26,8,23,0,0,0,208,20,41,10,0,0,136,116,0,0,110,101,0,0,157,20,0,0,0,hog ridaaaaaaaa
0,1,1,1,0,0,0,1,0,1,2,0,0,1,1,0,0,4,0,0,0,0,0,0,0,0,1,13,23,0,0,0,37,0,45,10,0,0,119,116,0,0,20,0,0,0,0,0,0,0,0,jamal
0,1,1,1,0,0,0,1,2,1,1,0,0,3,3,4,0,0,0,0,0,0,0,0,0,0,59,20,62,0,0,0,312,30,83,155,0,0,175,176,10,0,0,0,0,0,0,0,0,0,0,jo(nathan)^2
0,1,1,1,0,0,0,1,1,1,1,1,1,1,1,1,0,1,1,1,4,1,1,0,0,0,0,65,21,0,0,0,31,33,46,47,93,103,97,90,90,0,101,102,126,40,131,131,0,0,0,lunchbox
0,1,1,1,0,0,0,1,0,1,2,0,0,1,1,2,0,4,0,3,4,0,0,0,0,0,2,9,23,0,0,0,171,0,39,60,0,0,201,153,10,0,50,0,175,30,0,0,0,0,0,mmm
0,1,1,0,0,0,0,1,0,0,0,0,0,1,1,2,0,1,1,2,0,3,4,0,2,0,0,26,0,0,0,0,124,0,0,0,0,0,45,45,20,0,96,86,10,0,168,10,0,10,0,name
0,1,1,1,0,0,0,1,0,1,2,0,0,3,4,0,0,0,0,0,0,0,0,0,0,0,7,13,29,0,0,0,47,0,58,30,0,0,172,20,0,0,0,0,0,0,0,0,0,0,0,niuniu12
0,1,1,1,0,0,0,1,0,0,0,0,0,1,1,1,0,4,0,1,2,4,0,0,0,0,21,56,34,0,0,0,49,0,0,0,0,0,61,63,64,0,40,0,108,10,20,0,0,0,0,nolifers
0,1,1,1,0,0,0,1,1,1,1,1,1,1,1,1,0,1,1,1,3,1,1,1,1,0,19,49,8,0,0,0,17,18,24,26,34,34,120,111,111,0,50,50,44,166,78,78,123,92,0,o geng
0,1,1,1,0,0,0,1,2,0,0,0,0,0,0,0,0,0,0,0,0,0,0,0,0,0,0,18,12,0,0,0,20,20,0,0,0,0,0,0,0,0,0,0,0,0,0,0,0,0,0,opp central
0,1,1,1,0,0,0,1,1,1,1,2,0,1,1,1,0,1,1,1,1,1,4,3,4,0,0,13,11,0,0,0,12,157,24,24,20,0,22,22,31,0,47,48,81,143,58,10,266,30,0,orz
0,1,1,1,0,0,0,1,2,1,2,0,0,2,0,0,0,2,2,0,0,0,0,0,0,0,11,40,33,0,0,0,42,30,67,10,0,0,20,0,0,0,20,10,0,0,0,0,0,0,0,pink fluffy unicorns
0,1,1,1,0,0,0,1,2,1,1,1,1,3,3,3,4,1,1,1,0,1,1,3,1,0,15,1,1,0,0,0,38,20,20,20,21,21,190,171,171,10,35,35,81,0,83,133,170,139,0,pog frogs
0,0,2,0,0,0,0,0,0,0,0,0,0,0,0,0,0,0,0,0,0,0,0,0,0,0,0,10,0,0,0,0,0,0,0,0,0,0,0,0,0,0,0,0,0,0,0,0,0,0,0,red root floaters
0,1,1,1,0,0,0,2,0,0,0,0,0,0,0,0,0,0,0,0,0,0,0,0,0,0,22,30,49,0,0,0,30,0,0,0,0,0,0,0,0,0,0,0,0,0,0,0,0,0,0,robodoge
0,1,1,1,0,0,0,1,1,1,1,0,0,1,1,1,0,1,1,1,0,3,4,0,0,0,11,0,6,0,0,0,19,152,33,23,0,0,123,115,132,0,88,71,47,0,186,140,0,0,0,sad
0,1,1,2,0,0,0,1,2,1,2,0,0,0,0,0,0,4,4,0,0,0,0,0,0,0,23,76,50,0,0,0,70,20,111,10,0,0,0,0,0,0,10,10,0,0,0,0,0,0,0,sagacious
0,1,2,0,0,0,0,0,0,0,0,0,0,0,0,0,0,0,0,0,0,0,0,0,0,0,27,10,0,0,0,0,0,0,0,0,0,0,0,0,0,0,0,0,0,0,0,0,0,0,0,sauce
0,1,1,1,0,0,0,1,1,1,1,1,1,1,1,1,0,3,3,0,0,0,0,0,0,0,0,15,6,0,0,0,28,30,56,56,57,57,77,77,107,0,177,167,0,0,0,0,0,0,0,super festive
0,1,1,1,0,0,0,3,0,0,0,0,0,0,0,0,0,0,0,0,0,0,0,0,0,0,45,127,138,0,0,0,153,0,0,0,0,0,0,0,0,0,0,0,0,0,0,0,0,0,0,the big
0,0,0,0,0,0,0,0,0,0,0,0,0,0,0,0,0,0,0,0,0,0,0,0,0,0,0,0,0,0,0,0,0,0,0,0,0,0,0,0,0,0,0,0,0,0,0,0,0,0,0,tryharder
0,0,0,0,0,0,0,0,0,0,0,0,0,0,0,0,0,0,0,0,0,0,0,0,0,0,0,0,0,0,0,0,0,0,0,0,0,0,0,0,0,0,0,0,0,0,0,0,0,0,0,uhuh
0,1,1,3,0,0,0,1,0,1,2,0,0,1,1,2,0,4,0,0,0,0,0,0,0,0,19,22,219,0,0,0,77,0,75,30,0,0,96,132,20,0,40,0,0,0,0,0,0,0,0,wackcode
0,1,1,1,0,0,0,1,2,4,0,0,0,0,0,0,0,4,4,1,2,1,2,1,0,0,40,24,40,0,0,0,66,30,10,0,0,0,0,0,0,0,40,10,141,10,85,20,122,0,0,we forgot how to code
0,1,1,1,0,0,0,1,0,1,1,0,0,1,1,1,0,1,1,1,0,1,2,0,4,0,14,30,14,0,0,0,29,0,36,36,0,0,90,90,93,0,122,102,115,0,137,10,0,60,0,wesaco
0,1,1,1,0,0,0,4,4,0,0,0,0,0,0,0,0,0,0,0,0,0,0,0,0,0,30,85,141,0,0,0,50,20,0,0,0,0,0,0,0,0,0,0,0,0,0,0,0,0,0,x-camp team
0,0,0,0,0,0,0,0,0,0,0,0,0,0,0,0,0,0,0,0,0,0,0,0,0,0,0,0,0,0,0,0,0,0,0,0,0,0,0,0,0,0,0,0,0,0,0,0,0,0,0,you used to call me on my cellphone
0,1,0,0,0,0,0,0,0,0,0,0,0,0,0,0,0,0,0,0,0,0,0,0,0,0,16,0,0,0,0,0,0,0,0,0,0,0,0,0,0,0,0,0,0,0,0,0,0,0,0,ඞ ඞ ඞ There is one imposer among us ඞ ඞ ඞ
0,1,1,1,0,0,0,1,1,1,1,1,1,1,1,3,0,1,1,1,0,3,4,1,0,4,2,8,0,0,0,0,1,76,9,9,56,46,29,149,183,0,84,54,22,0,155,20,68,0,60,ඞ🍉😎😎 🤣💪 🤣 🤣🥰🥰💪🥰🥰ඞ
0,1,1,1,0,0,0,1,1,1,1,1,1,1,1,1,0,1,1,1,1,1,3,1,4,0,0,12,1,0,0,0,10,94,18,18,18,19,70,78,119,0,40,40,75,109,139,165,146,50,0,⟪❰ ℋ👁▙🕳꒒𝒊√𝖊💀𝓯ඞℕ𝒮 ❱⟫
0,0,0,0,0,0,0,0,0,0,0,0,0,0,0,0,0,0,0,0,0,0,0,0,0,0,0,0,0,0,0,0,0,0,0,0,0,0,0,0,0,0,0,0,0,0,0,0,0,0,0,｡゜(｀Д´)゜｡